-3.55, ,   -3.56, ,   -3.56, ,   -3.55, ,   -3.56, ,   -3.60, ,   -3.65, ,   -3.51, ,   -3.16, ,   -3.39, ,   -3.43, ,   -3.48, ,   -3.50, ,   -3.56, ,   -3.56, ,   -3.59, ,   -3.59, ,   -3.63, ,   -3.61, ,   -3.62, ,   -3.61, ,   -3.61, ,   -3.62, ,   -3.63, ,   -3.64, ,   -3.58, ,   -3.59, ,   -3.60, ,   -3.62, ,   -3.55, ,   -3.58,
-3.60, ,   -3.59, ,   -3.58, ,   -3.55, ,   -3.59, ,   -3.60, ,   -3.62, ,   -3.52, ,   -3.52, ,   -3.53, ,   -3.56, ,   -3.60, ,   -3.64, ,   -3.59, ,   -3.40, ,   -3.16, ,   -3.29, ,   -3.42, ,   -3.48, ,   -3.52, ,   -3.55, ,   -3.58, ,   -3.60, ,   -3.70, ,   -3.82, ,   -3.81, ,   -3.75, ,   -3.65,
-3.58, ,   -3.54, ,   -3.57, ,   -3.58, ,   -3.55, ,   -3.60, ,   -3.69, ,   -3.73, ,   -3.75, ,   -3.77, ,   -3.78, ,   -3.79, ,   -3.42, ,   -2.70, ,   -3.18, ,   -3.35, ,   -3.33, ,   -3.26, ,   -3.26, ,   -3.02, ,   -2.87, ,   -2.97, ,   -3.03, ,   -3.05, ,   -3.05, ,   -2.76, ,   -2.65, ,   -2.79, ,   -2.85, ,   -2.37, ,   -2.25,
-2.63, ,   -2.78, ,   -2.85, ,   -2.90, ,   -3.03, ,   -3.00, ,   -3.12, ,   -3.37, ,   -3.56, ,   -3.65, ,   -3.68, ,   -3.71, ,   -3.73, ,0.0, ,0.0, ,   -3.78, ,   -3.77, ,   -3.75, ,   -3.77, ,   -3.79, ,   -3.80, ,   -3.80, ,   -3.81, ,   -3.84, ,   -3.86, ,   -3.88, ,   -3.90, ,   -3.90, ,   -3.65, ,   -3.01,
-3.46, ,   -3.65, ,   -3.72, ,   -3.75, ,   -3.76, ,   -3.77, ,   -3.80, ,   -3.82, ,   -3.82, ,   -3.84, ,   -3.86, ,   -3.85, ,   -3.71, ,   -3.77, ,   -3.81, ,   -3.77, ,   -3.81, ,   -3.83, ,   -3.89, ,   -3.88, ,   -2.96, ,   -3.39, ,   -3.66, ,   -3.72, ,   -3.75, ,   -3.75, ,   -3.52, ,   -3.65, ,   -3.77, ,   -3.79, ,   -3.78,
-3.80, ,   -3.80, ,   -3.79, ,   -3.66, ,   -3.20, ,   -3.14, ,   -3.15, ,   -3.23, ,   -3.04, ,   -2.86, ,   -2.89, ,   -3.10, ,   -3.41, ,   -3.24, ,   -3.25, ,   -3.43, ,   -3.74, ,   -3.85, ,   -3.94, ,   -3.93, ,   -3.91, ,   -3.85, ,   -3.90, ,   -3.94, ,   -3.95, ,   -3.87, ,   -3.80, ,   -3.83, ,   -3.65, ,   -3.82,
-3.95, ,   -3.97, ,   -3.82, ,   -3.68, ,   -3.87, ,   -3.76, ,   -3.44, ,   -3.75, ,   -3.71, ,   -3.20, ,   -3.22, ,   -3.68, ,   -3.75, ,   -3.64, ,   -3.49, ,   -3.68, ,   -3.76, ,   -3.82, ,   -3.85, ,   -3.87, ,   -3.87, ,   -3.96, ,0.0, ,   -3.87, ,   -3.83, ,   -3.86, ,   -3.69, ,   -3.70, ,   -3.93, ,   -3.87, ,   -3.84,
-3.87, ,   -3.86, ,   -3.81, ,   -3.82, ,   -3.92, ,   -3.85, ,   -3.91, ,   -3.88, ,   -0.62, ,    2.73, ,    0.95, ,    0.08, ,   -0.25, ,   -0.68, ,   -1.01, ,   -1.06, ,   -0.26, ,   -0.24, ,   -0.40, ,   -0.56, ,   -0.88, ,   -0.97, ,   -0.97, ,   -0.69, ,   -0.33, ,   -0.81, ,   -0.96, ,   -1.07, ,   -1.69, ,   -2.96, ,   -3.04,
-3.20, ,   -3.47, ,   -3.53, ,   -3.53, ,   -3.25, ,   -2.94, ,   -2.03, ,   -2.79, ,   -2.93, ,   -3.00, ,   -3.06, ,   -3.53, ,   -3.61, ,   -3.64, ,   -3.67, ,   -3.77, ,   -3.92, ,   -3.93, ,   -3.94, ,   -3.93, ,   -3.94, ,   -3.95, ,   -3.96, ,   -3.95, ,   -3.19, ,   -3.70, ,   -3.82, ,   -3.86, ,   -3.89, ,   -3.89,
-3.91, ,   -3.93, ,   -3.91, ,   -3.89, ,   -3.86, ,   -2.45, ,   -2.77, ,   -3.39, ,   -3.52, ,   -3.55, ,   -3.58, ,   -3.63, ,   -3.31, ,   -1.62, ,   -2.75, ,   -3.16, ,   -3.39, ,   -3.66, ,   -3.69, ,   -3.70, ,   -3.69, ,   -3.70, ,   -3.70, ,   -3.75, ,   -3.79, ,   -3.79, ,   -3.61, ,   -3.60, ,   -3.66, ,   -3.77, ,   -3.78,
-3.73, ,   -3.65, ,   -3.65, ,   -3.72, ,   -3.74, ,   -3.77, ,   -3.77, ,   -3.79, ,   -3.78, ,   -3.77, ,   -3.79, ,   -3.81, ,   -3.82, ,   -3.84, ,   -3.85, ,   -3.86, ,   -3.86, ,   -3.87, ,   -3.88, ,   -3.86, ,   -3.86, ,   -3.89, ,   -3.89, ,   -3.90, ,   -3.63, ,   -3.64, ,   -3.71, ,   -3.79, ,   -3.67, ,   -3.67,
-3.61, ,   -3.64, ,   -3.72, ,   -3.67, ,   -3.64, ,   -3.77, ,   -3.82, ,   -3.84, ,   -3.84, ,   -3.85, ,   -3.80, ,   -3.81, ,   -3.86, ,   -3.88, ,   -3.87, ,   -3.70, ,   -3.58, ,   -3.63, ,   -3.56, ,   -3.35, ,   -3.33, ,   -3.40, ,   -3.44, ,   -3.45, ,   -3.46, ,   -3.44, ,   -3.39, ,   -3.40, ,   -3.27, ,   -3.36, ,   -3.38,
