
-3.38, ,   -3.37, ,   -3.34, ,   -3.35, ,   -3.29, ,   -3.10, ,   -3.07, ,   -3.12, ,   -3.18, ,   -3.22, ,   -3.24, ,   -3.24, ,   -3.24, ,   -3.20, ,   -2.81, ,   -2.51, ,   -2.56, ,   -2.64, ,   -2.69, ,   -2.73, ,   -2.72, ,   -2.64, ,   -2.45, ,   -2.47, ,   -2.61, ,   -2.58, ,   -2.16, ,   -2.33, ,   -2.51, ,   -2.52, ,   -2.54,
 -2.60, ,   -2.66, ,   -2.70, ,   -2.74, ,   -2.77, ,   -2.77, ,   -2.80, ,   -2.81, ,   -2.79, ,   -2.88, ,   -3.04, ,   -3.07, ,   -3.06, ,   -3.08, ,   -3.09, ,   -3.18, ,   -3.31, ,   -3.28, ,   -3.25, ,   -3.19, ,   -3.16, ,   -3.19, ,   -3.10, ,   -3.08, ,   -3.16, ,   -2.98, ,   -2.73, ,   -2.78,
 -2.56, ,   -2.20, ,   -2.48, ,   -2.28, ,   -2.47, ,   -2.69, ,   -2.85, ,   -2.59, ,   -2.64, ,   -2.36, ,   -2.57, ,   -2.74, ,   -2.85, ,   -2.87, ,   -2.90, ,   -2.97, ,   -3.04, ,   -2.94, ,   -1.78, ,   -1.97, ,   -2.43, ,   -2.64, ,   -2.77, ,   -2.84, ,   -2.93, ,   -3.04, ,   -3.19, ,   -3.35, ,   -3.35, ,   -3.45, ,   -3.65,
   -3.64, ,   -3.61, ,   -3.46, ,   -3.21, ,   -3.03, ,   -2.89, ,   -2.69, ,   -3.18, ,   -3.20, ,   -2.98, ,   -2.52, ,   -2.65, ,   -2.61, ,   -2.45, ,   -2.40, ,   -2.71, ,   -3.15, ,   -3.24, ,   -3.25, ,   -2.89, ,   -2.20, ,   -2.71, ,   -3.25, ,   -3.36, ,   -3.39, ,   -3.46, ,   -3.54, ,   -3.64, ,   -3.64, ,   -3.67,
   -3.74, ,   -3.81, ,   -3.83, ,   -3.79, ,   -3.75, ,   -3.78, ,   -3.83, ,   -3.87, ,   -3.89, ,   -3.90, ,   -3.92, ,   -3.60, ,   -3.14, ,   -3.46, ,   -3.68, ,   -3.01, ,   -3.33, ,   -3.53, ,   -3.14, ,   -3.28, ,   -3.37, ,   -3.46, ,   -3.49, ,   -3.50, ,   -3.51, ,   -3.47, ,   -3.50, ,   -3.50, ,   -3.49, ,   -3.52, ,   -3.52,
  -3.54, ,   -3.54, ,   -2.90, ,   -3.05, ,   -3.13, ,   -2.89, ,   -3.10, ,   -2.99, ,   -1.96, ,   -2.20, ,   -2.42, ,   -2.23, ,   -2.34, ,   -2.53, ,   -2.25, ,   -2.11, ,   -3.75, ,   -3.61, ,   -3.51, ,   -3.56, ,   -3.24, ,   -3.19, ,   -3.25, ,   -3.21, ,   -3.16, ,   -2.86, ,   -2.44, ,   -2.77, ,   -2.87, ,   -2.74,
  -1.61, ,   -1.33, ,   -1.77, ,   -1.98, ,   -2.05, ,   -2.24, ,   -2.24, ,   -2.15, ,   -2.03, ,   -2.22, ,   -2.49, ,   -2.69, ,   -2.81, ,   -3.05, ,   -2.71, ,   -2.23, ,    0.47, ,    1.79, ,   -0.12, ,   -0.54, ,   -0.73, ,   -0.71, ,   -0.53, ,   -0.82, ,   -1.07, ,   -1.21, ,   -1.96, ,   -3.00, ,   -3.02, ,   -3.09, ,   -3.33,
  -3.65, ,   -3.73, ,   -3.82, ,   -3.90, ,   -3.68, ,   -3.82, ,   -3.78, ,   -3.79, ,   -3.82, ,   -3.83, ,   -3.87, ,   -3.90, ,   -3.35, ,   -3.54, ,   -3.70, ,   -3.77, ,   -3.04, ,   -3.19, ,   -3.44, ,   -2.00, ,   -1.92, ,   -2.43, ,   -2.65, ,   -2.74, ,   -2.59, ,   -1.85, ,   -2.84, ,   -3.38, ,   -3.26, ,   -2.67, ,   -2.31,
  -2.06, ,   -1.50, ,   -1.97, ,   -2.06, ,   -2.53, ,   -2.59, ,   -2.47, ,   -2.40, ,   -0.50, ,   -0.06, ,   -0.78, ,   -1.04, ,   -1.18, ,   -1.56, ,   -2.76, ,   -3.05, ,   -2.90, ,   -2.77, ,   -3.05, ,   -3.16, ,   -3.39, ,   -3.69, ,   -3.71, ,   -3.66, ,   -3.17, ,   -2.57, ,   -2.67, ,   -3.11, ,   -3.78, ,   -3.76,
  -3.73, ,   -3.06, ,   -3.29, ,   -3.50, ,   -3.62, ,   -3.73, ,   -3.75, ,   -3.76, ,   -3.77, ,   -3.78, ,   -3.75, ,   -3.82, ,   -3.83, ,   -3.84, ,   -3.86, ,   -3.85, ,   -3.91, ,   -3.92, ,   -3.93, ,   -3.90, ,   -3.85, ,   -3.89, ,   -3.94, ,   -3.96, ,   -3.97, ,   -3.97, ,   -3.90, ,   -3.83, ,   -3.97, ,   -3.97, ,   -3.88,
 -3.88, ,   -3.84, ,   -3.93, ,   -3.98, ,   -3.93, ,   -3.89, ,   -3.90, ,   -3.70, ,   -3.74, ,   -3.88, ,   -3.96, ,   -3.98, ,   -3.99, ,   -3.89, ,   -3.62, ,   -3.81, ,   -3.73, ,   -3.17, ,   -3.29, ,   -3.65, ,   -3.80, ,   -3.85, ,   -3.88, ,   -3.88, ,   -3.88, ,   -3.66, ,   -3.77, ,   -3.85, ,   -3.87, ,   -3.89,
  -3.89, ,   -3.94, ,   -3.86, ,   -3.95, ,   -3.92, ,   -3.93, ,   -3.96, ,   -3.96, ,   -3.96, ,   -3.92, ,   -3.01, ,   -3.51, ,   -3.77, ,   -3.85, ,   -3.87, ,   -3.87, ,   -3.87, ,   -3.88, ,   -3.88, ,   -3.88, ,   -3.82, ,   -3.82, ,   -3.81, ,   -3.65, ,   -3.71, ,   -3.78, ,   -3.82, ,   -3.83, ,   -3.80, ,   -3.82, ,   -3.83, 
