 -3.83, ,   -3.84, ,   -3.85, ,   -3.86, ,   -3.88, ,   -3.92, ,   -3.93, ,   -3.94, ,   -3.93, ,   -3.95, ,   -3.94, ,   -3.95, ,   -3.99, ,   -4.02, ,   -3.98, ,   -3.93, ,   -3.93, ,   -3.70, ,   -3.61, ,   -3.60, ,   -3.61, ,   -3.60, ,   -3.65, ,   -3.68, ,   -3.70, ,   -3.69, ,   -3.71, ,   -3.71, ,   -3.19, ,   -2.47, ,   -2.92,
 -3.17, ,   -3.26, ,   -3.34, ,   -3.39, ,   -3.42, ,   -3.45, ,   -3.47, ,   -3.46, ,   -3.47, ,   -3.47, ,   -3.56, ,   -3.58, ,   -3.47, ,   -2.30, ,   -2.76, ,   -3.17, ,   -3.32, ,   -3.35, ,   -3.34, ,   -3.20, ,   -3.01, ,   -3.19, ,   -3.28, ,   -3.31, ,   -3.37, ,   -3.39, ,   -3.40, ,   -3.40, ,   -3.40,
  -3.34, ,   -3.40, ,   -3.43, ,   -3.53, ,   -3.66, ,   -3.67, ,   -3.74, ,   -3.85, ,   -3.60, ,   -3.19, ,   -3.59, ,   -3.73, ,   -3.80, ,   -3.48, ,   -3.41, ,   -3.63, ,   -3.72, ,   -3.75, ,   -3.53, ,   -3.58, ,   -3.71, ,   -3.76, ,   -3.77, ,   -3.75, ,   -3.79, ,   -3.81, ,   -3.83, ,   -3.84, ,   -3.86, ,   -3.88, ,   -3.87,
  -3.88, ,   -3.86, ,   -3.88, ,   -3.70, ,   -3.74, ,   -3.83, ,   -2.81, ,   -2.56, ,   -3.18, ,   -3.39, ,   -3.48, ,   -3.53, ,   -3.54, ,   -3.23, ,   -3.37, ,   -3.45, ,   -3.43, ,   -3.46, ,   -3.51, ,   -3.52, ,   -3.46, ,   -3.10, ,   -3.30, ,   -3.42, ,   -3.47, ,   -3.51, ,   -3.53, ,   -3.40, ,   -3.37, ,   -3.46,
  -3.47, ,   -3.50, ,   -3.51, ,   -3.45, ,   -3.49, ,   -3.52, ,   -3.48, ,   -3.51, ,   -3.26, ,   -2.83, ,   -2.51, ,   -2.72, ,   -3.07, ,   -3.19, ,   -3.25, ,   -3.11, ,   -2.11, ,   -2.66, ,   -2.96, ,   -2.99, ,   -3.07, ,   -3.11, ,   -3.24, ,   -3.40, ,   -3.42, ,   -3.47, ,   -3.55, ,   -3.70, ,   -3.70, ,   -3.43, ,   -3.25,
 -3.32, ,   -3.41, ,   -3.58, ,   -3.68, ,   -3.55, ,   -3.53, ,   -3.58, ,   -3.60, ,   -3.55, ,   -3.46, ,   -3.50, ,   -3.50, ,   -2.78, ,   -2.55, ,   -2.86, ,   -3.02, ,   -2.81, ,   -3.14, ,   -3.19, ,   -3.17, ,   -2.42, ,   -2.09, ,   -0.77, ,   -0.60, ,   -0.98, ,   -1.58, ,   -1.98, ,   -1.01, ,   -0.59, ,   -1.36,
   -2.72, ,   -3.07, ,   -3.21, ,   -3.19, ,   -3.03, ,   -2.92, ,   -2.93, ,   -2.97, ,   -2.24, ,   -2.23, ,   -2.70, ,   -2.77, ,   -2.68, ,   -2.53, ,   -2.57, ,   -2.85, ,   -2.96, ,   -3.03, ,   -3.38, ,   -3.84, ,   -3.87, ,   -3.88, ,   -3.90, ,   -3.92, ,   -3.92, ,   -3.75, ,   -3.56, ,   -3.45, ,   -3.58, ,   -3.74, ,   -3.76,
   -3.84, ,   -4.00, ,   -3.93, ,   -3.95, ,   -3.98, ,   -4.00, ,   -4.01, ,   -4.03, ,   -4.01, ,   -3.98, ,   -3.96, ,   -3.95, ,   -3.96, ,   -3.89, ,   -3.79, ,   -3.76, ,   -3.58, ,   -3.93, ,   -3.96, ,   -3.97, ,   -3.98, ,   -4.00, ,   -3.98, ,   -3.93, ,   -3.92, ,   -3.95, ,   -3.97, ,   -3.97, ,   -3.53, ,   -0.85, ,   -2.57,
   -3.58, ,   -3.71, ,   -3.73, ,   -3.71, ,   -3.69, ,   -3.79, ,   -3.69, ,   -3.40, ,   -3.46, ,   -3.71, ,   -3.77, ,   -3.80, ,   -3.61, ,   -3.36, ,   -3.58, ,   -3.66, ,   -3.73, ,   -3.17, ,   -2.12, ,   -1.28, ,    0.81, ,   -0.35, ,   -0.44, ,   -0.78, ,   -1.29, ,   -2.15, ,   -2.32, ,   -1.72, ,   -0.18, ,   -0.36,
 -0.68, ,   -0.85, ,   -1.25, ,   -2.20, ,   -2.41, ,   -2.85, ,   -3.53, ,   -3.60, ,   -2.87, ,   -3.32, ,   -3.30, ,   -2.98, ,   -3.03, ,   -3.34, ,   -3.78, ,   -3.84, ,   -3.48, ,   -3.60, ,   -3.76, ,   -3.80, ,   -3.83, ,   -3.87, ,   -3.90, ,   -3.91, ,   -3.90, ,   -3.90, ,   -3.90, ,   -3.89, ,   -3.88, ,   -3.91, ,   -3.93,
  -3.89, ,   -3.90, ,   -3.93, ,   -3.94, ,   -3.95, ,   -3.95, ,   -3.96, ,   -3.92, ,   -3.90, ,   -3.94, ,   -3.93, ,   -3.93, ,   -3.94, ,   -3.96, ,   -3.80, ,   -3.92, ,   -3.97, ,   -3.99, ,   -3.94, ,   -3.95, ,   -3.99, ,   -3.97, ,   -3.93, ,   -3.93, ,   -3.88, ,   -3.96, ,   -3.58, ,   -3.50, ,   -3.77, ,   -3.84,
  -3.87, ,   -3.89, ,   -3.91, ,   -3.89, ,   -3.84, ,   -3.90, ,   -3.95, ,   -3.95, ,   -3.95, ,   -3.97, ,   -3.98, ,   -3.98, ,   -3.86, ,   -3.16, ,   -3.58, ,   -3.71, ,   -3.76, ,   -3.81, ,   -3.83, ,   -3.85, ,   -3.85, ,   -3.78, ,   -3.39, ,   -3.63, ,   -3.69, ,   -3.66, ,   -3.19, ,   -2.96, ,   -3.27, ,   -3.38, ,   -3.44, 
